0	101	西朗	0	1	L1	-1	-1	-1
1	102	坑口	0	1	L1	-1	-1	-1
2	103	芳村	0	1	L1	-1	-1	-1
3	104	花地湾	0	1	L1	-1	-1	-1
4	105	黄沙	0	1	L1	-1	-1	-1
5	106	长寿路	0	1	L1	-1	-1	-1
6	107	陈家祠	0	1	L1	-1	-1	-1
7	108	西门口	0	1	L1	-1	-1	-1
8	109	公园前	1	2	L1	28	-1	-1
9	110	农讲所	0	1	L1	-1	-1	-1
10	111	烈士陵园	0	1	L1	-1	-1	-1
11	112	东山口	0	1	L1	-1	-1	-1
12	113	杨箕	0	1	L1	-1	-1	-1
13	114	体育西路	0	1	L1	-1	-1	-1
14	115	体育中心	0	1	L1	-1	-1	-1
15	116	广州东站	0	1	L1	-1	-1	-1
16	201	广州南站	0	1	L2	-1	-1	-1
17	202	石壁	0	1	L2	-1	-1	-1
18	203	会江	0	1	L2	-1	-1	-1
19	204	南浦	0	1	L2	-1	-1	-1
20	205	洛溪	0	1	L2	-1	-1	-1
21	206	南洲	0	1	L2	-1	-1	-1
22	207	东晓南	0	1	L2	-1	-1	-1
23	208	江泰路	0	1	L2	-1	-1	-1
24	209	昌岗	0	1	L2	-1	-1	-1
25	210	江南西	0	1	L2	-1	-1	-1
26	211	市二宫	0	1	L2	-1	-1	-1
27	212	海珠广场	0	1	L2	-1	-1	-1
28	213	公园前	1	2	L2	8	-1	-1
29	214	纪念堂	0	1	L2	-1	-1	-1
30	215	越秀公园	0	1	L2	-1	-1	-1
31	216	广州火车站	0	1	L2	-1	-1	-1
32	217	三元里	0	1	L2	-1	-1	-1
33	218	飞翔公园	0	1	L2	-1	-1	-1
34	219	白云公园	0	1	L2	-1	-1	-1
35	220	白云文化广场	0	1	L2	-1	-1	-1
36	221	萧岗	0	1	L2	-1	-1	-1
37	222	江夏	0	1	L2	-1	-1	-1
38	223	黄边	0	1	L2	-1	-1	-1
39	224	嘉禾望岗	0	1	L2	-1	-1	-1
